##FastQC	0.11.3
>>Basic Statistics	pass
#Measure	Value
Filename	SRX189773_FNR_ChIP.fastq
File type	Conventional base calls
Encoding	Sanger / Illumina 1.9
Total Sequences	3603544
Sequences flagged as poor quality	0
Sequence length	36
%GC	49
>>END_MODULE
>>Per base sequence quality	warn
#Base	Mean	Median	Lower Quartile	Upper Quartile	10th Percentile	90th Percentile
1	35.73427603492562	38.0	36.0	38.0	32.0	38.0
2	35.5854103626874	37.0	35.0	38.0	30.0	38.0
3	35.794937150760475	38.0	36.0	38.0	31.0	38.0
4	35.821588969081546	38.0	36.0	38.0	32.0	38.0
5	35.813927067353696	38.0	36.0	38.0	32.0	38.0
6	35.87305219528331	38.0	36.0	38.0	32.0	38.0
7	35.667808968060335	38.0	35.0	38.0	30.0	38.0
8	35.77061276343511	38.0	35.0	38.0	31.0	38.0
9	35.81787595766834	38.0	36.0	38.0	31.0	38.0
10	35.54401666803569	38.0	35.0	38.0	30.0	38.0
11	35.93614480633509	38.0	36.0	38.0	32.0	38.0
12	35.86411182990967	38.0	36.0	38.0	32.0	38.0
13	35.74068583594373	37.0	35.0	38.0	32.0	38.0
14	35.82424552052091	38.0	36.0	38.0	32.0	38.0
15	35.669115182165115	37.0	35.0	38.0	31.0	38.0
16	35.75721844939315	38.0	36.0	38.0	32.0	38.0
17	35.634091605375154	37.0	35.0	38.0	31.0	38.0
18	35.51494584220423	37.0	35.0	38.0	31.0	38.0
19	35.52951538818452	37.0	35.0	38.0	31.0	38.0
20	35.454995970633355	37.0	35.0	38.0	30.0	38.0
21	35.33035506157272	37.0	35.0	38.0	30.0	38.0
22	34.78668333174231	36.0	34.0	38.0	30.0	38.0
23	34.828693086583655	37.0	34.0	38.0	30.0	38.0
24	34.805189835339874	37.0	35.0	38.0	30.0	38.0
25	34.81792202343027	37.0	35.0	38.0	30.0	38.0
26	34.53719477270154	37.0	35.0	38.0	30.0	38.0
27	34.44541234962026	37.0	34.0	38.0	29.0	38.0
28	34.086779015324915	36.0	34.0	38.0	28.0	38.0
29	34.08193073263432	37.0	34.0	38.0	28.0	38.0
30	33.70493325459603	36.0	33.0	38.0	28.0	38.0
31	33.45726651318813	36.0	33.0	38.0	28.0	38.0
32	33.009090495356794	36.0	33.0	38.0	25.0	38.0
33	33.04712333191991	36.0	33.0	38.0	25.0	38.0
34	32.49434112640223	36.0	33.0	38.0	24.0	38.0
35	32.37911150800434	36.0	33.0	38.0	20.0	38.0
36	19.70719214195803	21.0	17.0	26.0	4.0	29.0
>>END_MODULE
>>Per tile sequence quality	fail
#Tile	Base	Mean
20	1	0.06654942422272114
20	2	-0.052376222288273766
20	3	-0.04996845425289109
20	4	-0.11625563719847776
20	5	-0.11708459240704627
20	6	-0.28313176648132554
20	7	-0.15117390413985277
20	8	-0.1117867086437343
20	9	-0.053476180977590104
20	10	-0.159925918199896
20	11	-0.24784819837669403
20	12	-0.28799333472799304
20	13	-0.14603185911467165
20	14	-0.20250494985593548
20	15	-0.09862121753501896
20	16	-0.28134799401713195
20	17	-0.07135027369203328
20	18	-0.07078891996020076
20	19	-0.12319261311102281
20	20	-0.23765625255485645
20	21	-0.1260186189192538
20	22	-0.04189828974963916
20	23	-0.21530957006231688
20	24	-0.23418745617196635
20	25	-0.08469094816275913
20	26	0.04205262248498798
20	27	0.06194548463620464
20	28	0.14529583530654833
20	29	0.1077125332390878
20	30	0.22834282899271585
20	31	0.2726307316255614
20	32	0.2835605457278092
20	33	0.26037618634683923
20	34	0.2020540277656906
20	35	-0.00214161587538797
20	36	0.10827446694160159
22	1	0.08358105417025286
22	2	-0.004535607315382606
22	3	-0.06337332712227806
22	4	-0.019631939363954132
22	5	-0.08974020467833554
22	6	-0.075976079264926
22	7	-0.09001640926766896
22	8	-0.04681401805402885
22	9	-0.051575862454029675
22	10	-0.06118187363461658
22	11	-0.2546806098592924
22	12	-0.20225531040183142
22	13	-0.08351207557554119
22	14	-0.2225721083614971
22	15	-0.10991746386113022
22	16	-0.08974270649117244
22	17	-0.03189334689183454
22	18	-0.13330934444707765
22	19	-0.06941929417276782
22	20	-0.08326475782166654
22	21	-0.12132294411709665
22	22	-0.057772917439109506
22	23	-0.10045621936600924
22	24	-0.07333420088531994
22	25	-0.14310317224505553
22	26	-0.02264775687367404
22	27	-0.059655764003274214
22	28	-0.10360303934485415
22	29	-0.06683695145265744
22	30	0.027274771969977962
22	31	0.011125879696855634
22	32	0.048553664238042415
22	33	-0.1064862837540943
22	34	-0.04862952012184962
22	35	0.005940643725480754
22	36	-0.1691928225187347
23	1	0.1605035152022083
23	2	0.04944890383229961
23	3	0.035263162955736505
23	4	-0.08153976664682716
23	5	0.0060227221812851894
23	6	-0.10516213902332794
23	7	0.07298507172172464
23	8	0.003656174346488683
23	9	0.04326419114891422
23	10	0.03411089513842569
23	11	-0.08564182093070372
23	12	-0.17644860124993755
23	13	-0.08256895709776302
23	14	-0.08409582546644145
23	15	-0.11027175523035027
23	16	-0.08324770786143887
23	17	-0.05545306526136784
23	18	-0.13169824805283525
23	19	-0.022173868105802796
23	20	0.004131745634204265
23	21	-0.028066078242027004
23	22	-0.004889140106342893
23	23	-0.08626437656592145
23	24	-0.049978307284135326
23	25	0.0733801207579674
23	26	0.05827845398498965
23	27	0.15621228016196653
23	28	0.05407480634401196
23	29	0.16717098238641626
23	30	0.21215207220454602
23	31	0.1892066762010387
23	32	0.31889582220017587
23	33	0.23314600126568052
23	34	0.20700259744592842
23	35	0.23385116305085774
23	36	0.04121478812883339
24	1	0.17737003282748276
24	2	0.09327417054219467
24	3	0.052128470829444495
24	4	0.09759637395534071
24	5	0.03971051272328907
24	6	-0.025945670917217
24	7	0.09638747380443391
24	8	0.026869048683948904
24	9	-0.012232113463305438
24	10	0.10110274302587641
24	11	-0.2749351969763367
24	12	-0.15990871654732786
24	13	-0.032285149380520295
24	14	-0.10000599415420197
24	15	-0.03433008461183107
24	16	-0.06406016088275379
24	17	-0.03219228476191205
24	18	-0.09706314138500716
24	19	0.016083396049097587
24	20	-0.1318582827868866
24	21	-0.12109960287740762
24	22	-0.018675226995540584
24	23	0.010196938805023592
24	24	-0.15532605440412084
24	25	-0.10061425309075389
24	26	-0.13771420362950693
24	27	-0.02589565548570505
24	28	0.004967844949604228
24	29	-0.06058547688044058
24	30	0.04913369365876008
24	31	0.14135801773488055
24	32	0.3091957921983379
24	33	0.23490957709774563
24	34	0.2701659042292448
24	35	0.1928859103418219
24	36	0.1717749676237048
25	1	0.4927751927070716
25	2	0.1260119252800891
25	3	0.24893754649560407
25	4	0.19970625570589107
25	5	0.24551706307760668
25	6	0.1684914451812105
25	7	0.21580706879987588
25	8	0.13115382021255328
25	9	0.09567636311372496
25	10	0.1796530488590946
25	11	0.036033657510998296
25	12	0.05703731542480028
25	13	0.15047961626857642
25	14	0.08951149929385593
25	15	0.14769565038423593
25	16	0.12133864215125811
25	17	0.18700879840213958
25	18	0.25079935981779755
25	19	0.2354295728876039
25	20	0.20608564513754146
25	21	0.13869043180111618
25	22	-0.14111489189355808
25	23	0.17845703455927264
25	24	0.22906239659399574
25	25	0.1136541755106606
25	26	-0.012988953466042119
25	27	0.210600214837676
25	28	0.2567237057111953
25	29	0.310144090482801
25	30	0.38190713462154946
25	31	0.557737161523086
25	32	0.5541134600618705
25	33	0.5346552275076064
25	34	0.586545426852112
25	35	0.5652310559923848
25	36	0.49388474330054777
26	1	-31.638347059510437
26	2	-21.359321500881315
26	3	-21.42415681193077
26	4	-21.795374725917892
26	5	-22.54495686505591
26	6	-16.625591000222983
26	7	-16.484808160513694
26	8	-16.6096040722809
26	9	-16.69030739840645
26	10	-17.0320374032614
26	11	-5.971560556240924
26	12	-5.8949601437979915
26	13	-5.825304557084888
26	14	-5.8230523276075274
26	15	-5.782939098029541
26	16	-5.946890291331613
26	17	-5.95366292391747
26	18	-5.876333458458834
26	19	-5.879047077159537
26	20	-5.934577646168492
26	21	-6.187452246502438
26	22	-5.77464589338237
26	23	-5.882905446787113
26	24	-5.800324422741813
26	25	-5.964620136816325
26	26	-6.411488763246727
26	27	-6.413928419796182
26	28	-6.201998312558722
26	29	-6.359234407355686
26	30	-6.186170475205223
26	31	-7.366916347721169
26	32	-7.154972460745185
26	33	-7.196467798277126
26	34	-7.050302048550403
26	35	-7.617295042557821
26	36	-14.211590356917693
27	1	-1.6887269075712155
27	2	-0.29711230747956563
27	3	-0.2649142209347204
27	4	-0.1571843856465165
27	5	-0.2478984515495526
27	6	-0.2699957129829045
27	7	-0.04276370266014595
27	8	-0.09864789581526878
27	9	-0.25866265715938397
27	10	-0.02666249665428211
27	11	-0.16053977636265415
27	12	-0.12062281990402113
27	13	-0.1252979246240571
27	14	-0.18485896848509498
27	15	-0.15826118015004198
27	16	-0.06023269383420882
27	17	-0.10045739522067976
27	18	0.016055540415358394
27	19	-0.04224030786815547
27	20	-0.026089745408128806
27	21	-0.024088112777967297
27	22	0.2616242052944102
27	23	0.06574862775615742
27	24	0.032918254944831915
27	25	-0.04898751675188606
27	26	0.11063517960344882
27	27	0.1197270384622584
27	28	0.19687999953767132
27	29	0.10583730567648075
27	30	0.3117220964116143
27	31	0.34909551212808054
27	32	0.3712780712709929
27	33	0.2620105638150392
27	34	0.45438911082086975
27	35	0.5213245152534967
27	36	1.0151863653435953
28	1	0.42700794476672144
28	2	0.2570455332335939
28	3	0.28707849780327876
28	4	0.2892988516830144
28	5	0.36610084180410496
28	6	0.20299986209758458
28	7	0.25734246530893756
28	8	0.27825328554281015
28	9	0.2547840086567561
28	10	0.24063479315519487
28	11	0.0023580414135722094
28	12	-0.08181668282078647
28	13	0.05280831790886964
28	14	0.042132014420289465
28	15	0.08044754508527063
28	16	0.03441081745246066
28	17	-0.038209719440693846
28	18	0.025308674063523995
28	19	0.09650576769648467
28	20	0.007999134010162834
28	21	0.11783448516317918
28	22	0.1528960284727532
28	23	0.12831361031745558
28	24	0.09301845780637308
28	25	0.06510258715522355
28	26	0.10443540117435646
28	27	0.16620411914409772
28	28	0.14005383351135237
28	29	0.20215987160305815
28	30	0.1031080912010367
28	31	0.2761979645602821
28	32	0.2759907456537576
28	33	0.33619827111022715
28	34	0.2876735216074522
28	35	0.30026464151265486
28	36	0.28625008698923793
29	1	0.3247834918554062
29	2	0.13466554280147136
29	3	0.10220368806055546
29	4	0.13106552303757013
29	5	0.1463915281180448
29	6	0.10557408591167672
29	7	0.024406312189618973
29	8	0.0975265253162263
29	9	0.12128856329093196
29	10	0.1407520190209226
29	11	0.027537933729774977
29	12	0.044037677552772436
29	13	0.04271668618990532
29	14	0.01436380595465181
29	15	0.0608396159317266
29	16	-0.009499007084343702
29	17	0.11886818106799524
29	18	0.02125269064860902
29	19	0.11612175370909483
29	20	0.09427645367952664
29	21	0.17922540009407584
29	22	0.21370960207251954
29	23	0.21059154529000068
29	24	0.061680974760541574
29	25	0.022683596937710604
29	26	0.13841501789437416
29	27	0.08825311889651744
29	28	0.09525150396087412
29	29	0.1432880870532216
29	30	0.21244720941651707
29	31	0.30487043359907773
29	32	0.3838589279847824
29	33	0.32057131916766934
29	34	0.4180324116704668
29	35	0.31205199835108743
29	36	0.21496835970187433
30	1	0.38667813363702663
30	2	0.18061074505286712
30	3	0.23349676065853942
30	4	0.18256053600188693
30	5	0.14280337991134928
30	6	0.06276073767834589
30	7	0.1546323808950092
30	8	0.10923173365642214
30	9	0.17512432519245635
30	10	0.13456881196435688
30	11	-0.08327239644864903
30	12	0.010185186084044062
30	13	0.028407271161249525
30	14	-0.018289586832317184
30	15	0.016202188684488306
30	16	0.0831188335427413
30	17	0.07176998524131051
30	18	0.0860296334116839
30	19	0.05601679506830237
30	20	0.11221207192338767
30	21	0.11629375933042496
30	22	0.049892304168395185
30	23	-0.013758098273619623
30	24	-0.015764992616070117
30	25	-0.15456711897213893
30	26	0.03518239128646172
30	27	0.06416283485246765
30	28	0.10279334800412698
30	29	0.1274279304275865
30	30	0.09193980442414329
30	31	0.22568454732354581
30	32	0.3396437649666382
30	33	0.3485018658498191
30	34	0.2756576474102701
30	35	0.25617736618567477
30	36	0.6390493495419207
31	1	0.4716628512923364
31	2	0.36950680635491295
31	3	0.31846821730241004
31	4	0.30803289711332127
31	5	0.31952122742391964
31	6	0.13779980772523004
31	7	0.17686948800147917
31	8	0.20430558417363898
31	9	0.22267331852632566
31	10	0.20008836230176996
31	11	0.08058016152277503
31	12	-0.04707153344800474
31	13	0.13792707939482085
31	14	0.09186364276772707
31	15	0.11026781393452012
31	16	0.1037782132003997
31	17	0.12859819100204817
31	18	0.1265190524007167
31	19	0.16097764512243629
31	20	0.1749781591115962
31	21	0.16730021461324185
31	22	0.22369705702586629
31	23	0.21282359360728265
31	24	0.14297314280138806
31	25	0.1115061978864702
31	26	0.278834500469749
31	27	0.2853220492191042
31	28	0.328528166171246
31	29	0.314878763424403
31	30	0.43495228897284477
31	31	0.4127727832084176
31	32	0.5051438510244992
31	33	0.446972588255349
31	34	0.4991973520437085
31	35	0.42062544899297905
31	36	0.8631716509122214
32	1	0.3932630820766576
32	2	0.3097665083302985
32	3	0.2531379589177405
32	4	0.2590721607964781
32	5	0.24735060062411662
32	6	0.13035109593922556
32	7	0.148894503994633
32	8	0.1385192722203854
32	9	0.013786479748254976
32	10	0.12784942264779886
32	11	-0.040902283977324316
32	12	-0.0885238386206666
32	13	-0.043993205813521286
32	14	-0.07060417649343265
32	15	-0.11580835555054136
32	16	-0.04436120245710384
32	17	-0.09117938103945278
32	18	-0.03587561336613021
32	19	-0.0791297996842033
32	20	0.023997233300555365
32	21	-0.11068159524010213
32	22	-0.10864296607214641
32	23	-0.07403622221560369
32	24	-0.09350605185532856
32	25	-0.20643254005965872
32	26	-0.10701651506935406
32	27	-0.08626892995972923
32	28	-0.11658131333592792
32	29	-0.18255020398873967
32	30	-0.15611467404978185
32	31	-0.06069039241032925
32	32	-0.0898055229501935
32	33	-0.061940988260865026
32	34	-0.04986569038673139
32	35	0.012167229863401019
32	36	0.4060897998209718
33	1	0.4647270815383848
33	2	0.17471793132742874
33	3	0.2367349960840457
33	4	0.2652888739399941
33	5	0.26478205901788243
33	6	0.2103128704717605
33	7	0.12309929621395099
33	8	0.17883299083713666
33	9	0.07510155210020031
33	10	0.1711585557565769
33	11	-0.02904212061647371
33	12	0.05750139317583347
33	13	-0.032815404234213474
33	14	-0.00444620838775478
33	15	-0.06958105134671655
33	16	0.06393631355872031
33	17	0.1186282731586914
33	18	0.11781306196698438
33	19	0.06407672474671244
33	20	0.13938974748976563
33	21	0.2194588215635349
33	22	0.19435819701746482
33	23	0.19875809041857195
33	24	0.22473490326495238
33	25	0.2135394303847562
33	26	0.20835847726448975
33	27	0.27572756772613616
33	28	0.2348223106947458
33	29	0.16631618826448857
33	30	0.3727947904640274
33	31	0.3531998378480665
33	32	0.33629663395934273
33	33	0.234535543630777
33	34	0.23887137249453616
33	35	0.3540934625816803
33	36	1.0923255244752745
34	1	0.5025165096900253
34	2	0.3722902975923432
34	3	0.35039900363590704
34	4	0.2995668163517493
34	5	0.36277781644268003
34	6	0.31616125420887187
34	7	0.239510745958043
34	8	0.23625695360598797
34	9	0.23177026177614835
34	10	0.3078716916405142
34	11	0.06354090822445357
34	12	0.05287996745583712
34	13	0.11963450791926533
34	14	0.07709026594032764
34	15	0.10335674696904817
34	16	0.06173621684482811
34	17	0.015214740128108417
34	18	0.08811606114221604
34	19	0.05068157772008419
34	20	0.12945073089847625
34	21	0.10811390708720836
34	22	0.11643690178862443
34	23	0.1741246830145684
34	24	0.19304816128142477
34	25	0.19431759101948387
34	26	0.09906610833193952
34	27	0.16022261169906216
34	28	0.22902878835574825
34	29	0.24154769070651128
34	30	0.3311991520841673
34	31	0.40191933416715386
34	32	0.5102355239162648
34	33	0.4750614130862374
34	34	0.4236487555100297
34	35	0.4571212358034913
34	36	0.647708992477277
35	1	0.425139782594826
35	2	0.2757204015420882
35	3	0.22766874587856023
35	4	0.2802691197934095
35	5	0.27794660516460823
35	6	0.18730366989552039
35	7	0.2201760556470589
35	8	0.2570750123898691
35	9	0.1881811710987904
35	10	0.22855659991761001
35	11	0.07484830524680319
35	12	0.08211996456114434
35	13	0.10946014583197439
35	14	0.07028824894372576
35	15	0.16968514132137358
35	16	0.07288373064862697
35	17	0.08116271989117507
35	18	0.05709458532371059
35	19	0.03804402576681554
35	20	0.12832099029758837
35	21	0.19406008846785028
35	22	0.16111098952808334
35	23	0.19777384398545905
35	24	0.1926627781881649
35	25	0.07390622049005913
35	26	0.20805213387437504
35	27	0.05518114629281001
35	28	0.1413779240520725
35	29	0.21642504426525022
35	30	0.20850772426572917
35	31	0.36822345305697723
35	32	0.42592686964637494
35	33	0.46771545291203864
35	34	0.42671189223462136
35	35	0.45278535197143555
35	36	0.9582687376578249
36	1	0.4901245987646945
36	2	0.37860340591024766
36	3	0.40013098398152636
36	4	0.28429638764429654
36	5	0.34014383681364535
36	6	0.29289094005443417
36	7	0.2730221155446486
36	8	0.254862965554004
36	9	0.3255058518216316
36	10	0.27821675352967645
36	11	0.10650114155635748
36	12	0.09467384525320455
36	13	0.14142445902277956
36	14	0.04073125668843858
36	15	0.03454729009512647
36	16	0.10905450439352649
36	17	0.08281547071821649
36	18	0.0979688202552822
36	19	0.06530199273637294
36	20	0.0669548623131817
36	21	0.11439672391914968
36	22	0.18323717452932442
36	23	0.1840773560342157
36	24	0.18103886702158434
36	25	0.15576095579347538
36	26	0.30049371726683205
36	27	0.29712575576598255
36	28	0.18395871036290856
36	29	0.22245952149698667
36	30	0.2647354988141686
36	31	0.3319543744301683
36	32	0.2361701849144069
36	33	0.2707379807579642
36	34	0.1967942439438417
36	35	0.2369122122844729
36	36	1.0452695732493211
37	1	0.5963157628506082
37	2	0.39837092802648755
37	3	0.31386929048851897
37	4	0.3498217819329028
37	5	0.3890561531214729
37	6	0.3076138646821036
37	7	0.3094268323063929
37	8	0.3623004174751472
37	9	0.3415411184503512
37	10	0.2854296134822789
37	11	0.11503357590784447
37	12	0.1055580836756036
37	13	0.08979364566757653
37	14	0.09498888734294297
37	15	0.04771553536269835
37	16	0.025811088236494584
37	17	0.07620690622196946
37	18	0.13324015783861398
37	19	0.09486371645196101
37	20	0.10162408976899684
37	21	0.0703257955334422
37	22	0.06903828915630328
37	23	0.05173875837378006
37	24	0.057975507392242775
37	25	0.08273621534745246
37	26	0.07749248601614056
37	27	0.0941139615722335
37	28	0.2066680753373049
37	29	0.15553637527177244
37	30	0.10654768691863836
37	31	-0.04596578099042148
37	32	-0.07260364242187478
37	33	-0.055571549583390834
37	34	-0.06922076286540602
37	35	0.10466904065012983
37	36	1.5489672146889433
38	1	0.520360128140311
38	2	0.264447117632848
38	3	0.3296063564268792
38	4	0.22338150987982175
38	5	0.29954113508564717
38	6	0.1937961621306883
38	7	0.14304725997843803
38	8	0.19331748558322914
38	9	0.17746123706810124
38	10	0.19756715543085335
38	11	-0.06510983449473429
38	12	-0.131039331864919
38	13	0.011843070400992417
38	14	-0.009453877265436006
38	15	-0.01809524941668883
38	16	0.06766465984692616
38	17	0.0152095394847791
38	18	0.035479030064358597
38	19	0.02757129153132354
38	20	0.055750038376061184
38	21	-0.035635543974329664
38	22	-0.09676840807349407
38	23	-0.018433650450099037
38	24	0.021154412483745944
38	25	0.1322781663943715
38	26	0.16093977235068735
38	27	0.10155299275653107
38	28	0.20509054390972636
38	29	0.2169668368194806
38	30	0.09122161675141172
38	31	0.28691228122362844
38	32	0.22789499999395701
38	33	0.3280766602901011
38	34	0.3826474906977353
38	35	0.3335462417743358
38	36	1.4612420643053667
39	1	0.5428007442728244
39	2	0.3292157441788959
39	3	0.3259213909571059
39	4	0.27296314495329455
39	5	0.3712120959595637
39	6	0.32407105274427295
39	7	0.3354997402794453
39	8	0.35002669013746157
39	9	0.28407702798611467
39	10	0.34953213610498324
39	11	0.16555351187511036
39	12	0.11160304576125668
39	13	0.08819141513218653
39	14	0.13562258560695994
39	15	0.02599124904821082
39	16	0.06537663281024919
39	17	0.07980906824843714
39	18	0.19353671210186008
39	19	0.15081475609535744
39	20	0.1658510480083919
39	21	0.18043809212961293
39	22	0.2712080601141338
39	23	0.1798713659645017
39	24	0.2117377178618156
39	25	0.2504816663988336
39	26	0.30607665674776285
39	27	0.3088550422783669
39	28	0.2660283581487022
39	29	0.3001418858642779
39	30	0.36286271743156107
39	31	0.31230772644082094
39	32	0.3189548517931513
39	33	0.21451061541350924
39	34	0.3379466208082178
39	35	0.3656764186088566
39	36	2.042956917911283
40	1	0.6202093070751289
40	2	0.39089573342410233
40	3	0.29956655609753824
40	4	0.37912767509285317
40	5	0.3867438796769207
40	6	0.2844662654049728
40	7	0.3808668451207424
40	8	0.354321378762009
40	9	0.3721021010087213
40	10	0.3091759173718316
40	11	0.17249285000285397
40	12	0.17359574571109704
40	13	0.16594651839354668
40	14	0.1930876630812577
40	15	0.21679077797993074
40	16	0.17673305514600202
40	17	0.21864591236139574
40	18	0.2420522463558541
40	19	0.10786490552094108
40	20	0.17937026037058246
40	21	0.24410290765084142
40	22	0.2572794063121364
40	23	0.3070417293314236
40	24	0.26122469392641534
40	25	0.3261392208742251
40	26	0.46944150297839826
40	27	0.39660477074323097
40	28	0.4855188992089481
40	29	0.37473623434507886
40	30	0.430592018029337
40	31	0.4493786105675426
40	32	0.3862533625818827
40	33	0.4157101545383668
40	34	0.4053612604849306
40	35	0.4296907389181257
40	36	1.7356535393823336
41	1	0.5081240974344539
41	2	0.33248528951128975
41	3	0.34405611294268823
41	4	0.35918579847448484
41	5	0.26080879710109883
41	6	0.24733084012127904
41	7	0.21828224956804831
41	8	0.21699426498074104
41	9	0.273862843758522
41	10	0.21737440357112092
41	11	0.0842667161225279
41	12	0.07846216099243719
41	13	0.08441806007455455
41	14	0.09564958220355635
41	15	0.06040984322275733
41	16	0.08223922490715552
41	17	0.12111185655009393
41	18	0.14502895910460012
41	19	0.09685648654330947
41	20	0.06353086783545336
41	21	-0.04973289837001715
41	22	-0.13921191530085508
41	23	-0.08510382533285821
41	24	-0.05033126832030632
41	25	-0.030616779323366927
41	26	0.0571121479524308
41	27	0.05961605224121058
41	28	0.036114077095817265
41	29	-0.027550331856325272
41	30	0.16162493257009203
41	31	0.04960866812897535
41	32	0.1103821718157576
41	33	0.08353847859176966
41	34	0.15364985125560082
41	35	0.23744599447360315
41	36	1.2682320371812068
42	1	0.5848302725494179
42	2	0.31305451404397644
42	3	0.3819349031533079
42	4	0.40850764381358573
42	5	0.43436458720183424
42	6	0.32828442736464325
42	7	0.322445960052292
42	8	0.2221532329532181
42	9	0.20349523676677705
42	10	0.30545540435468155
42	11	-0.08874200709086466
42	12	0.08554437892800593
42	13	0.04613856286309215
42	14	0.09102685674546507
42	15	0.10579028299599713
42	16	0.12932637588397
42	17	0.056616292337089646
42	18	0.09369649931355895
42	19	0.11737626575072824
42	20	0.07254854521640652
42	21	0.20600425014951185
42	22	0.11388813894412664
42	23	0.022214497314095638
42	24	0.08527324418123072
42	25	0.1339476504738002
42	26	0.08884510543890656
42	27	0.17435466210238815
42	28	0.22178146843116764
42	29	0.14165806174208484
42	30	0.12304455883065657
42	31	0.13265582248340735
42	32	0.2181593760556666
42	33	0.10962649993025053
42	34	0.21112003831616022
42	35	0.20688499338633903
42	36	1.2108646047132403
43	1	0.6215118696335225
43	2	0.4161025668784788
43	3	0.3954949722331591
43	4	0.4266983164826357
43	5	0.4351749045520634
43	6	0.3522852239529968
43	7	0.4134093266853469
43	8	0.2915143464375589
43	9	0.3143752004773006
43	10	0.256393309558014
43	11	0.1086442460847934
43	12	0.14174091046147907
43	13	0.045068619364315055
43	14	0.09394255995771061
43	15	0.018937706246028085
43	16	0.007184904692266514
43	17	0.0018994818425426274
43	18	0.03980154057252605
43	19	0.014232518198596722
43	20	0.03199404255792615
43	21	0.012114911623044122
43	22	-0.05902598926066105
43	23	0.026937733389956975
43	24	0.09118625906091893
43	25	0.08440279496568337
43	26	-0.08523466098228027
43	27	-0.09239535849111036
43	28	-0.065969076926649
43	29	-0.24538552676797565
43	30	-0.18394715752836532
43	31	-0.17615011261015923
43	32	-0.2111830129070711
43	33	-0.20437364236141775
43	34	-0.3592319620709077
43	35	-0.27956243999967256
43	36	0.9913378092225997
44	1	0.6335730292797948
44	2	0.4754269723531337
44	3	0.347591054424619
44	4	0.37453804508945154
44	5	0.3790963823545255
44	6	0.30294489038570305
44	7	0.3377401604846213
44	8	0.361573121216324
44	9	0.33933733738854244
44	10	0.29770872203756227
44	11	0.19750780847212468
44	12	0.17734047456256263
44	13	0.19138431321491112
44	14	0.1371238920887663
44	15	0.1307036524994274
44	16	0.12922534251681128
44	17	0.1757122700985434
44	18	0.15193957272283853
44	19	0.08365567906765392
44	20	0.19534671568208495
44	21	0.15704365205216675
44	22	0.165767574108294
44	23	0.1908021104062243
44	24	0.13434161456879679
44	25	0.1681539444058373
44	26	0.03766005698403063
44	27	0.12349366246114357
44	28	0.08164748147782319
44	29	0.051139761830533814
44	30	0.08960897559049386
44	31	-0.047622635875121944
44	32	0.1663156294203958
44	33	0.0647568824431346
44	34	0.13238859439513107
44	35	0.09678898619573317
44	36	1.1770789255860272
45	1	0.5874439280255146
45	2	0.355093540765985
45	3	0.4347476848366938
45	4	0.3532306238051177
45	5	0.3852104653183446
45	6	0.3122511581631713
45	7	0.2646955443856811
45	8	0.32485882805318766
45	9	0.2792820882406346
45	10	0.21502139865943093
45	11	0.024201028497884636
45	12	0.05120758503851164
45	13	0.08563642966235108
45	14	-4.759623395216295E-4
45	15	0.03422053601616426
45	16	0.02718059907808623
45	17	0.11465195892836277
45	18	0.12279117789574201
45	19	0.060656660541667407
45	20	0.08165871800612479
45	21	0.04976946467682808
45	22	-0.0690897219822375
45	23	0.06182606766546428
45	24	-0.07920985641848688
45	25	0.032530339512440776
45	26	-0.007794214378812114
45	27	0.028491624669960913
45	28	0.06654849519469508
45	29	-0.006839387788033946
45	30	-0.10433110519046096
45	31	0.037490528043100824
45	32	0.06376170421602012
45	33	0.09282767768537781
45	34	0.14398946115692723
45	35	0.19455525491672176
45	36	0.8016800133302304
46	1	0.5571657610023806
46	2	0.38839752704816277
46	3	0.32029695100676037
46	4	0.3790418930727668
46	5	0.3496993042199392
46	6	0.2520683460088833
46	7	0.3343924861463847
46	8	0.3081757208918958
46	9	0.19559935598407918
46	10	0.2721800816989912
46	11	0.1273871041671839
46	12	0.13085056510094972
46	13	0.11405697444195795
46	14	0.1205792408465598
46	15	0.1567043720906014
46	16	0.0963697292990986
46	17	0.06243802353489514
46	18	0.10501546926433036
46	19	0.09547486247396364
46	20	0.057647913374509585
46	21	0.09662840830590369
46	22	0.07424358062120007
46	23	0.06385009229854433
46	24	0.09074813581300134
46	25	0.1041525092889799
46	26	0.2067785171402292
46	27	0.09355833927526191
46	28	0.07730488086718879
46	29	-0.017760178406810212
46	30	0.06333228566924021
46	31	-0.03248083169336269
46	32	-0.03370538406482382
46	33	0.0027399131009673283
46	34	0.019264186431655617
46	35	0.03708865831421804
46	36	0.5220929616794194
47	1	0.6332618754199615
47	2	0.468608791584856
47	3	0.4443893674389301
47	4	0.45183306273185053
47	5	0.43356149927102905
47	6	0.2997762487406561
47	7	0.30333366286111385
47	8	0.3064043921073747
47	9	0.32956427285203915
47	10	0.27188639068621256
47	11	0.14900309473753026
47	12	0.114009063826785
47	13	-0.0621861670609718
47	14	0.20103439187875694
47	15	0.019921868417519306
47	16	0.07915007685161868
47	17	0.10908384493589551
47	18	0.09547531022190725
47	19	0.06642305747525512
47	20	0.1033108737550208
47	21	0.19778558513684175
47	22	0.11561572619980609
47	23	0.19819160394865776
47	24	0.16208568800398382
47	25	0.15090546228181267
47	26	0.11614653931984265
47	27	0.03231616273485116
47	28	0.10077017541940592
47	29	0.1604957919096961
47	30	0.13901953612785434
47	31	0.08576484568957454
47	32	0.02338932129995186
47	33	0.0548271374122109
47	34	-0.0397886146574038
47	35	0.04609544210450878
47	36	0.45226941493372763
48	1	0.6066774103101196
48	2	0.33119069432134296
48	3	0.39512388454087244
48	4	0.35921192695405324
48	5	0.3589690787629536
48	6	0.2687744885612702
48	7	0.2759728810098139
48	8	0.25118535196229175
48	9	0.3053553897817096
48	10	0.2853475117403974
48	11	0.16172851044986203
48	12	0.09045392394982343
48	13	0.09656680419893604
48	14	0.09386164767300897
48	15	0.07295797982055774
48	16	0.0666109243465769
48	17	0.15604842007147823
48	18	0.1294450296441383
48	19	0.17533850073890989
48	20	0.07011340465322036
48	21	-0.015726498206831252
48	22	-0.06057807203283261
48	23	-0.02624146038476738
48	24	-0.02975501180067397
48	25	0.028633832750720956
48	26	-0.0873163086430182
48	27	-0.2245255378318589
48	28	-0.11109025444882548
48	29	-0.096386731299269
48	30	-0.24190493564669424
48	31	-0.32228402741009887
48	32	-0.1656466042095488
48	33	-0.22133671717467962
48	34	-0.28844276132423374
48	35	-0.27935919168787393
48	36	-0.016371191079187497
49	1	0.5140809240286544
49	2	0.34386800821308583
49	3	0.436022655343578
49	4	0.3216202406511144
49	5	0.4485035144130336
49	6	0.26747789016842205
49	7	0.27304791507958726
49	8	0.26660758224042524
49	9	0.32460457915596663
49	10	0.32840634000857705
49	11	0.15450961128968999
49	12	0.1447687354080145
49	13	0.11227555627165486
49	14	0.14507829117894033
49	15	0.17348658165059305
49	16	0.15815866567136538
49	17	0.14972157845733847
49	18	0.1551602935758254
49	19	0.14285694541160154
49	20	0.11198868577083942
49	21	0.08303114651420174
49	22	0.023925046274889894
49	23	0.15860040885441862
49	24	0.10029110827263565
49	25	0.1490258869401302
49	26	-0.20946871299589276
49	27	0.0888206849542783
49	28	-0.013525286907423606
49	29	-0.07240563583004445
49	30	-0.009697549721707333
49	31	-0.16593603903746157
49	32	-0.10246250657194622
49	33	-0.18143862441090164
49	34	-0.08384122667376204
49	35	-0.08747726444615012
49	36	-0.04888282179636505
50	1	0.6445656280748295
50	2	0.4061190875476868
50	3	0.4432553761650482
50	4	0.47296832816563494
50	5	0.5231299720059894
50	6	0.3688388623274861
50	7	0.27360217936357856
50	8	0.306039478893787
50	9	0.4081946790330164
50	10	0.34195458584422767
50	11	0.17589079465587076
50	12	0.22542545928362046
50	13	0.1415672938179
50	14	0.18435691951168565
50	15	0.135041553326829
50	16	0.0283329031193702
50	17	0.14817957563899853
50	18	0.1968907097582644
50	19	0.12864815802788598
50	20	0.09935611990195525
50	21	0.16847422108794063
50	22	0.11072235593865543
50	23	0.001648960665285415
50	24	0.1437505932237073
50	25	0.021894839718889614
50	26	0.14202705668617455
50	27	0.17352366442305822
50	28	0.1136837418879324
50	29	0.045292083110659576
50	30	0.07979147166287248
50	31	0.26334331914443254
50	32	0.16499441829289196
50	33	0.3453082133773151
50	34	0.20086596346317265
50	35	0.2704318300356263
50	36	-0.15797533859693047
51	1	0.5729478032622595
51	2	0.4302839964900471
51	3	0.4886117437673647
51	4	0.4737030201230539
51	5	0.5322659781043413
51	6	0.35384560200411386
51	7	0.3585234249940683
51	8	0.34625528295544683
51	9	0.35636529365888236
51	10	0.2759007145144494
51	11	0.13790966863063403
51	12	0.12779723501560625
51	13	0.08025651791982824
51	14	0.10784646869259973
51	15	-0.006735513147312133
51	16	0.04691297710219544
51	17	0.0698694775488633
51	18	0.05458488589039945
51	19	0.09133187902063611
51	20	0.008207513872534378
51	21	0.05787691964678032
51	22	0.06627553265931141
51	23	0.09655875268578029
51	24	0.07487508234758167
51	25	0.0963686265050967
51	26	0.050596070686843575
51	27	0.05164976550092604
51	28	0.009299999869696762
51	29	0.05952964999138999
51	30	-0.01251365615576816
51	31	-0.18327162546444953
51	32	-0.1162730729440895
51	33	-0.12338109233038352
51	34	-0.03499247644570147
51	35	-0.12018355428435257
51	36	-0.4983993333818404
52	1	0.6576824880426528
52	2	0.3809027653463346
52	3	0.37886911522296884
52	4	0.2377339166539869
52	5	0.4481624408063425
52	6	0.36177562280411024
52	7	0.225926863587965
52	8	0.2940238812726008
52	9	0.23706448134809222
52	10	0.1860993053654454
52	11	0.15856829601319333
52	12	0.09221056936262073
52	13	0.10295622154757922
52	14	0.13575166076274314
52	15	0.08408380244787139
52	16	0.20788199934668938
52	17	0.053063689420255855
52	18	0.08676044404947447
52	19	0.03679171736423115
52	20	0.037814295930090225
52	21	0.10992169973285115
52	22	-0.05085807787727248
52	23	0.03431008590604989
52	24	0.030520580588905943
52	25	0.12077833498682367
52	26	-0.016030276097929175
52	27	-0.029416037456037714
52	28	-0.14244883033389044
52	29	-0.07590528814471753
52	30	-0.09646111229936594
52	31	-0.11515893383129594
52	32	-0.23435129286516343
52	33	-0.3175598240962785
52	34	-0.3720242573498638
52	35	-0.2177017209740839
52	36	-0.6271940970605492
53	1	0.5562290831028776
53	2	0.39255504575740474
53	3	0.3112359751598035
53	4	0.3917010857670391
53	5	0.4756523329536364
53	6	0.38594274607307
53	7	0.3535579128241366
53	8	0.3392924220837443
53	9	0.4066969528369384
53	10	0.311805112698714
53	11	0.19389038405942927
53	12	0.11531417264203014
53	13	0.15332967231744732
53	14	0.1406486437554264
53	15	0.07594936472361269
53	16	0.08898465317350457
53	17	0.09047499343963494
53	18	0.1192446459603218
53	19	0.09379820295546892
53	20	0.08771673275918346
53	21	0.10234138369577295
53	22	0.10757347967151532
53	23	0.07041768749808597
53	24	-0.002384483432599893
53	25	0.08953462038225979
53	26	-0.08765770123397232
53	27	-0.1688021923639056
53	28	-0.1509742211863312
53	29	-0.31183704313131244
53	30	-0.5552628372841681
53	31	-0.40940840661544087
53	32	-0.4628698929076478
53	33	-0.39164707041933156
53	34	-0.3899931817769797
53	35	-0.3461520101613722
53	36	-0.7276291957067826
54	1	0.6199759984427047
54	2	0.33581109529249176
54	3	0.20882369861180905
54	4	0.2980489751809543
54	5	0.3844707955728097
54	6	0.28618912915093375
54	7	0.29249857549476843
54	8	0.28075685687469587
54	9	0.3412208584027425
54	10	0.36973315798973516
54	11	0.17185262631458187
54	12	0.19366198816207003
54	13	0.1641988537299568
54	14	0.1381181292085003
54	15	0.14686609076650115
54	16	0.0712770532739313
54	17	0.08621861255130625
54	18	0.08576296365239244
54	19	0.0741937596885478
54	20	0.11995426197864134
54	21	-0.07355184557502525
54	22	0.08933989255012875
54	23	0.08211240694650002
54	24	-0.042096128944031364
54	25	0.06952052598251868
54	26	0.0953467614729604
54	27	0.1474655525921591
54	28	0.08503078114857487
54	29	0.13641241636381096
54	30	0.09918565599394213
54	31	0.15277083607988118
54	32	0.20849698559592866
54	33	0.0902071109257534
54	34	0.11554133714776782
54	35	0.12439204286636851
54	36	-0.4929893204034812
55	1	0.5780421850478206
55	2	0.39391990959519063
55	3	0.23362265112823621
55	4	0.3075433212220773
55	5	0.3296629438666727
55	6	0.20814844548687006
55	7	0.19648784384033036
55	8	0.24171199095985685
55	9	0.30211426126658836
55	10	0.2983182920801539
55	11	0.053070810132581414
55	12	0.10906184912209227
55	13	-0.010623333512995714
55	14	0.13918334800700194
55	15	0.10330389932393302
55	16	0.11505406726160317
55	17	0.10276415866736954
55	18	0.08472384774031383
55	19	0.08752975593731094
55	20	-0.03330673057308786
55	21	0.10728474140942268
55	22	-0.014305986009347293
55	23	0.12870879580161443
55	24	0.042935707630853415
55	25	0.11977268723309464
55	26	0.05926136293293638
55	27	0.06688046902345235
55	28	0.17361918862516035
55	29	0.17515078387035032
55	30	0.10179526048784737
55	31	-0.1283777751255144
55	32	-0.06292724788175974
55	33	-0.10098969062863716
55	34	-0.253809453543397
55	35	-0.2587374932337667
55	36	-0.5236492655768927
56	1	0.4964450630278563
56	2	0.3332710752723642
56	3	0.3155243257472691
56	4	0.24850410482162744
56	5	0.3434244066157177
56	6	0.25177483481547824
56	7	0.1637990114227108
56	8	0.24436807066466315
56	9	0.19785416718308824
56	10	0.22403267385519143
56	11	0.04084723994679251
56	12	0.08268176635775859
56	13	-0.02483027798467674
56	14	0.05640443862471045
56	15	0.0014821872732326824
56	16	-0.013842847147067516
56	17	-0.010191794677524513
56	18	0.002445054631550647
56	19	-0.09302314571769443
56	20	-0.14390275149671794
56	21	-0.11452817307770147
56	22	-0.08094388781845652
56	23	-0.06536461622414436
56	24	-0.12499241011080642
56	25	-0.26629157980937634
56	26	-0.1358475839650879
56	27	-0.20022813045486032
56	28	-0.30855117591337233
56	29	-0.2661148325054512
56	30	-0.2880581227917389
56	31	-0.3846676128188733
56	32	-0.46456964653466315
56	33	-0.45078081853792185
56	34	-0.4694105596829168
56	35	-0.4331685234172511
56	36	-0.8727178165285139
57	1	0.4619175685401373
57	2	0.22968614691109934
57	3	0.26473137451719
57	4	0.25100658671490805
57	5	0.19690610237130812
57	6	0.19150372135097626
57	7	0.056844498752028016
57	8	0.04977476981415663
57	9	0.1496474677762336
57	10	-0.01607549358429594
57	11	0.016088014155947405
57	12	-0.10076466495959124
57	13	-0.06410093914303161
57	14	-0.04777537205010418
57	15	-0.13862675223934673
57	16	-0.19220466247104184
57	17	-0.148870726154108
57	18	-0.2589861629856074
57	19	-0.155345786053239
57	20	-0.22034300558597408
57	21	-0.08995656104700345
57	22	-0.258409004591293
57	23	-0.3145883289048683
57	24	-0.18769593983594035
57	25	-0.16696778715475347
57	26	-0.22831768382630457
57	27	-0.44537935061986644
57	28	-0.30467562637426937
57	29	-0.36479555261801977
57	30	-0.3709964656784024
57	31	-0.2603958868430567
57	32	-0.3085317454668228
57	33	-0.21943079083980166
57	34	-0.40714395898560696
57	35	-0.2828549008953658
57	36	-0.9704048142386732
64	1	0.3756683574482196
64	2	-0.00925590133844878
64	3	-0.07061436554401013
64	4	0.10621158742885939
64	5	0.22467257610105662
64	6	0.10624972437123148
64	7	0.04870146320062929
64	8	0.2637903104018946
64	9	0.14754556732938084
64	10	0.08295140130439904
64	11	-0.029966497615291132
64	12	-0.12135034949484691
64	13	-0.09458519219775496
64	14	-0.08482680195437098
64	15	-0.04429961691268858
64	16	-0.0865477459493178
64	17	-0.2022933251794612
64	18	-0.32595747918409046
64	19	-0.30082362997028866
64	20	-0.3305218618397632
64	21	-0.5012905044211706
64	22	-0.49237580647383083
64	23	-0.4287869847682799
64	24	-0.5466062071694111
64	25	-0.5217863439624182
64	26	-0.47468654314403125
64	27	-0.43647991113351736
64	28	-0.6230497720715533
64	29	-0.48527271142389594
64	30	-0.7666884454683469
64	31	-0.9423594545888037
64	32	-0.8926838982509437
64	33	-0.8909495555709768
64	34	-0.7602885780194981
64	35	-0.8803431288311288
64	36	-1.5042333369927086
65	1	0.4422800401536193
65	2	0.08108154375933196
65	3	0.04586583434440428
65	4	0.22801897981580765
65	5	0.2759379265531834
65	6	-0.15976029986931906
65	7	0.2162531833066339
65	8	0.07287498439435325
65	9	0.20462504007975468
65	10	0.15333963463205436
65	11	0.09364029852788036
65	12	0.022765961201677953
65	13	-0.025933191234095432
65	14	0.09288413360217618
65	15	0.09729572362819994
65	16	0.11770105987594803
65	17	0.09827498192924367
65	18	0.01621762563726037
65	19	-0.0656443840876122
65	20	0.04239573833790189
65	21	-0.038698170210764715
65	22	-0.07487725235321108
65	23	-0.05902206866851856
65	24	-0.02939769213658394
65	25	0.05513522384951841
65	26	-0.12281992659595176
65	27	-0.24608565101961943
65	28	-0.17440105131186812
65	29	-0.08341398149062229
65	30	-0.1592064414677523
65	31	-0.2107484114447047
65	32	-0.22342223449695808
65	33	-0.33762819210475925
65	34	-0.16177494987064023
65	35	-0.13440669730067611
65	36	-0.8840534907856217
66	1	0.573021361542196
66	2	0.3833256646999814
66	3	0.4423003248259292
66	4	0.41844675137235754
66	5	0.46603871042776035
66	6	0.3869944593692054
66	7	0.27434052933126907
66	8	0.27879211765302614
66	9	0.23921406583563254
66	10	0.32122765254919017
66	11	0.024887778931017124
66	12	0.12049496456113928
66	13	0.04957856688460538
66	14	0.05343956473319622
66	15	0.10925093079505643
66	16	0.028890309595993813
66	17	-0.008587280108827144
66	18	0.022627480060556593
66	19	0.023399288924707662
66	20	0.04112362187653673
66	21	-0.10745964837425959
66	22	-0.06659953678770592
66	23	-0.08523931390927686
66	24	-0.1374424849697249
66	25	-0.16996220056257272
66	26	-0.11969786612562672
66	27	-0.1962267484440332
66	28	-0.29922076015844823
66	29	-0.12166706099790758
66	30	-0.19334753889216216
66	31	-0.18673049431144761
66	32	-0.3624547093009909
66	33	-0.41892270498269824
66	34	-0.3725117919759029
66	35	-0.37824096381803685
66	36	-1.0911128412895401
67	1	0.5068081967559337
67	2	0.35965551288948205
67	3	0.4228240021449281
67	4	0.34864605434358964
67	5	0.35754953012571633
67	6	0.17824481871313225
67	7	-0.011201991392539412
67	8	0.12984738770244775
67	9	0.08708867941784604
67	10	0.18265250536585853
67	11	-0.1048095058072036
67	12	-0.012717235411294325
67	13	-0.0038187198226253827
67	14	-0.10975148809528434
67	15	-0.08453062747773288
67	16	0.033010891634702944
67	17	0.03871521856208915
67	18	0.004079111383532563
67	19	0.03804587171163831
67	20	0.08011438722987663
67	21	-0.029681161753664753
67	22	-0.01236376779170456
67	23	0.04946460638528549
67	24	-0.12255962124476127
67	25	0.03029786598988693
67	26	-0.1898652711702269
67	27	-0.15535439922080485
67	28	-0.21582981365639142
67	29	-0.09694734926064541
67	30	-0.266173419530908
67	31	-0.2719891628683584
67	32	-0.42093613171223865
67	33	-0.40102710177716006
67	34	-0.29112891840589583
67	35	-0.4770320717787335
67	36	-1.2308506482086337
68	1	0.6897317582235516
68	2	0.4826180335531518
68	3	0.43399058495901954
68	4	0.44325497883757237
68	5	0.4831573691435196
68	6	0.3582204553937487
68	7	0.4097666809171301
68	8	0.3351011661363046
68	9	0.38218044730654555
68	10	0.28419299694466105
68	11	0.2528639261957295
68	12	0.16090772058914382
68	13	0.18890066523392335
68	14	0.1425872615614736
68	15	0.23894827761036908
68	16	0.05694112629291226
68	17	0.13256007102763334
68	18	0.16144625112615074
68	19	0.11497719921768379
68	20	0.0998214008066185
68	21	0.18355132734089352
68	22	0.19901069569004193
68	23	0.1048275774570655
68	24	-0.06639866853208076
68	25	0.0537577890666725
68	26	0.07387779717054599
68	27	-0.021784435765788146
68	28	-0.014439150963049485
68	29	-0.024413582474011264
68	30	0.055009215061687655
68	31	0.007474328089379867
68	32	0.007196314811011462
68	33	-0.09152559150935957
68	34	-0.17768541569036245
68	35	-0.39907166125127347
68	36	-0.9788591034967844
69	1	0.668490547327167
69	2	0.5481731680738022
69	3	0.4714009396107528
69	4	0.5269763660072329
69	5	0.5655468825675172
69	6	0.4702129329034648
69	7	0.28257624683014626
69	8	0.5282789972451738
69	9	0.2491249970097229
69	10	0.3652534435223487
69	11	0.24020761698769633
69	12	0.25132777307815957
69	13	0.30640027928526337
69	14	0.18642681919413207
69	15	0.25976705015327894
69	16	0.33705705123642105
69	17	0.26534044518732003
69	18	0.22435307610194144
69	19	0.24989081688992343
69	20	0.22990574813234588
69	21	0.24892541685291292
69	22	0.2121175122451362
69	23	0.12398185868031675
69	24	0.22652092783579292
69	25	0.2385542186906875
69	26	0.2021488875105959
69	27	0.0871302765972004
69	28	0.01487610593841282
69	29	0.17988939424276396
69	30	-0.009976118889163388
69	31	-0.031697355909884095
69	32	-0.25334569745513846
69	33	-0.07646236610131041
69	34	-0.07688965972219108
69	35	-0.13411860664304953
69	36	-0.8864896594032032
74	1	0.7795412620181423
74	2	0.5030625328132743
74	3	0.4563872436548735
74	4	0.6512746389136481
74	5	0.5382397698214305
74	6	0.5678184283676373
74	7	0.49715740680745313
74	8	0.5370682015375863
74	9	0.5799765865336823
74	10	0.5152403271280761
74	11	0.38647676539817155
74	12	0.3824435206821306
74	13	0.3730718264707278
74	14	0.38734130640412445
74	15	0.34862909618877325
74	16	0.36678612143658285
74	17	0.29929665473239453
74	18	0.2502997442327626
74	19	0.2900501658287098
74	20	0.3215356583918094
74	21	0.2765009581329494
74	22	0.15473176213989603
74	23	0.24818374134044063
74	24	0.3334494343360319
74	25	0.3428624966606364
74	26	0.24023950654340354
74	27	0.30723984424424344
74	28	0.3174170260382212
74	29	0.26344143582478097
74	30	0.2532985872120932
74	31	0.2391122611524068
74	32	0.12641479108479814
74	33	0.2554440255481225
74	34	0.18686699761047976
74	35	0.12533160291422973
74	36	-1.088577301319539
75	1	0.7085289521438227
75	2	0.5919496786033065
75	3	0.49116826028451754
75	4	0.5688612271863676
75	5	0.5217777504850147
75	6	0.4881867375719935
75	7	0.4412423711809552
75	8	0.41517745782443427
75	9	0.3818465648559197
75	10	0.4738935127321824
75	11	0.2660312591920473
75	12	0.2985348003110886
75	13	0.28808900289693895
75	14	0.2704743400820604
75	15	0.24863666284937125
75	16	0.2028146932323267
75	17	0.21348656426253854
75	18	0.23645944748315628
75	19	0.2051410892007297
75	20	0.24057212335035416
75	21	0.25298144140100476
75	22	0.1468556096572371
75	23	0.23881963891142277
75	24	0.22197562002081384
75	25	0.21403268792117558
75	26	0.14754828745839887
75	27	0.11033493903786251
75	28	0.1842923508807175
75	29	0.18105260641277
75	30	0.12428985014533822
75	31	0.23209051742800568
75	32	0.06676905584187409
75	33	0.11568825751580647
75	34	0.09617771748892068
75	35	0.043343742525358664
75	36	-1.2408351496502803
76	1	0.7557744084986595
76	2	0.5548128529531766
76	3	0.5232030102501071
76	4	0.6303428898999073
76	5	0.576245031687229
76	6	0.5278507866114737
76	7	0.4211396609700415
76	8	0.5073832870347488
76	9	0.4588134572990228
76	10	0.4468157963416033
76	11	0.30299023871803143
76	12	0.3293391894461877
76	13	0.2957192482404807
76	14	0.23659998934132176
76	15	0.21485199744348904
76	16	0.13701078616904283
76	17	0.18987934439331866
76	18	0.11541105640967686
76	19	0.13682278595894815
76	20	0.044139843821461966
76	21	0.24618948582858025
76	22	0.20728049945099514
76	23	0.16832701829017083
76	24	0.08426121240296425
76	25	0.13611947325496487
76	26	0.29695285779362024
76	27	0.26258304967907264
76	28	0.21266361788637056
76	29	0.24011513075949864
76	30	0.09374868168526262
76	31	0.19038893954438407
76	32	0.11385496061917877
76	33	0.0922253437686038
76	34	0.12101508790649262
76	35	0.13500168160683046
76	36	-1.239010689189577
77	1	0.6661484126758523
77	2	0.5994378046877245
77	3	0.5090723681295302
77	4	0.5520466696674475
77	5	0.5067999278309117
77	6	0.4115574742803503
77	7	0.39881639233936994
77	8	0.37396771512018034
77	9	0.5033070051697379
77	10	0.5161353260019013
77	11	0.20440803493973192
77	12	0.28983363140937257
77	13	0.2641569014662082
77	14	0.32845937817365467
77	15	0.23612272217518893
77	16	0.27095281385145853
77	17	0.2401702605734073
77	18	0.18060964115539946
77	19	0.12553423819957743
77	20	0.25722622962488373
77	21	0.06841602398905877
77	22	0.14953527631231367
77	23	-0.058928086293022375
77	24	0.2030580256859551
77	25	0.02029673591185599
77	26	0.2589793994834153
77	27	0.24387905941325272
77	28	0.24890860594762643
77	29	0.1805008425903054
77	30	0.2224822425472084
77	31	0.27349405801373905
77	32	0.20724665925623498
77	33	0.3699323368910612
77	34	0.3417655961904984
77	35	0.3801437301289923
77	36	-0.935186784232279
78	1	0.6985496039168382
78	2	0.5445674767130058
78	3	0.5052359632416952
78	4	0.5642160726347001
78	5	0.5313472197964231
78	6	0.4257070230914337
78	7	0.4249225626458468
78	8	0.34513545899959297
78	9	0.4648709290821813
78	10	0.37231448527727196
78	11	0.05250982724908937
78	12	0.07056892497237044
78	13	0.09080967185792588
78	14	0.044572226319132824
78	15	0.12838897999969845
78	16	0.13329022093898146
78	17	0.12364616063589295
78	18	0.08322277782878018
78	19	0.1730483094351669
78	20	0.17346392842522107
78	21	0.10676100530074706
78	22	0.1386954694353335
78	23	0.12336471316520914
78	24	0.1466583112384825
78	25	0.05676707159741312
78	26	0.15914638736524012
78	27	0.10776104416674315
78	28	-0.061586811340831105
78	29	0.10718500113020468
78	30	0.17922757235534448
78	31	0.23041256742452276
78	32	0.25322694381138433
78	33	0.2176485871933167
78	34	0.2170377280827438
78	35	0.19907518369360133
78	36	-0.9179898296788842
79	1	0.7319644471647067
79	2	0.4744711125535659
79	3	0.446295573596295
79	4	0.5266420202183468
79	5	0.49097128981010485
79	6	0.41736157550665354
79	7	0.4166265399713467
79	8	0.45443684613029234
79	9	0.4069762366791423
79	10	0.4292724211776928
79	11	0.23321460999468968
79	12	0.28719459985407525
79	13	0.20323105793422513
79	14	0.24170924720383624
79	15	0.2242663555616744
79	16	0.22887264305201427
79	17	0.153446446929685
79	18	0.13504036860741309
79	19	0.19139560839471415
79	20	0.18173405450610858
79	21	0.27766385013680406
79	22	0.26555397477250864
79	23	0.29743904122840803
79	24	0.3356530415133605
79	25	0.32541231009422944
79	26	0.20837313464393503
79	27	0.21426055372747754
79	28	0.11549888383392215
79	29	0.22701095954614203
79	30	0.17279800933950895
79	31	0.19629115389680152
79	32	0.11024592977285153
79	33	0.1636320512658358
79	34	0.2710972019010285
79	35	0.17313575515677115
79	36	-0.9926691701281669
80	1	0.6976163301061007
80	2	0.48363725162057847
80	3	0.47113568607107936
80	4	0.5018733105112503
80	5	0.45723527529740693
80	6	0.4330033461909579
80	7	0.45219397152124685
80	8	0.38798986189528506
80	9	0.42247322050785385
80	10	0.41281088552511136
80	11	0.27414748176234127
80	12	0.252864490237414
80	13	-0.011247758040852318
80	14	0.2562493286095133
80	15	0.20891210202832866
80	16	0.2553162956594619
80	17	0.09873469691832071
80	18	0.16340550054177072
80	19	0.26184736746095894
80	20	0.2695619166034149
80	21	0.2643681632251216
80	22	0.12573095331636353
80	23	0.04358432005332702
80	24	0.20120243251571424
80	25	0.3242310670470374
80	26	0.25933381913138476
80	27	0.24875631676198395
80	28	0.10879186411170849
80	29	0.056005920572324897
80	30	0.13918278011982466
80	31	0.08297368249478154
80	32	-0.012699503865910344
80	33	0.07323958333237357
80	34	-0.051690483536745546
80	35	-0.04124916128819933
80	36	0.9468611626804595
81	1	0.6360825234950696
81	2	0.34246798943392776
81	3	0.4844350716063275
81	4	0.4726462627392891
81	5	0.49284396116278373
81	6	0.3247999171521343
81	7	0.30517841081704233
81	8	0.326930260019175
81	9	0.3748890834347023
81	10	0.33456849482008977
81	11	0.1628366795066114
81	12	0.23136928647923583
81	13	0.244834022597054
81	14	0.1986560126192387
81	15	0.16556928766283363
81	16	0.24133571106189322
81	17	0.23565074216952553
81	18	0.24762097875615297
81	19	0.20018143311287417
81	20	0.2125115882519566
81	21	0.2621238540482054
81	22	0.35548601540907754
81	23	0.2641505573069196
81	24	0.36098444782252415
81	25	0.35677662920263487
81	26	0.41358367762359194
81	27	0.41539973712473
81	28	0.3920522532168462
81	29	0.3145447904245131
81	30	0.4604097181371145
81	31	0.5501338064877572
81	32	0.5993494233753083
81	33	0.5675747897375771
81	34	0.5518984941643055
81	35	0.5442482489858094
81	36	1.302173505971215
82	1	0.7134408953201756
82	2	0.5097848207456792
82	3	0.4961442791282451
82	4	0.5015180054171324
82	5	0.4956556951731912
82	6	0.43331110732535194
82	7	0.38917926670166736
82	8	0.4075308748345634
82	9	0.42147563883965944
82	10	0.4096481108467529
82	11	0.2593539349106777
82	12	0.21013063780950603
82	13	0.25015427843449345
82	14	0.23614602976654453
82	15	0.19817479000393234
82	16	0.21270844338718575
82	17	0.2510328744180157
82	18	0.19436696365033157
82	19	0.2136841730295771
82	20	0.20036459130135142
82	21	0.255705114222323
82	22	0.2536380647443579
82	23	0.1801662860378883
82	24	0.2589029551676276
82	25	0.2306444823932452
82	26	0.19710441875847806
82	27	0.23135371777798497
82	28	0.20552327999211428
82	29	0.23977287824795468
82	30	0.20793443957973778
82	31	0.23088338668967623
82	32	0.1926387992508154
82	33	0.2386646951361655
82	34	0.19068988536676557
82	35	0.3470525051115061
82	36	0.7747346790168699
83	1	0.5245495788810146
83	2	0.3141099959333431
83	3	0.3604522834217576
83	4	0.3259962660638962
83	5	0.37257111117515507
83	6	0.3246992396989157
83	7	0.3450515765062292
83	8	0.2913394331614043
83	9	0.18237374637534032
83	10	0.27156850940386335
83	11	0.059185842657726084
83	12	0.10055832749250726
83	13	0.01572358069150681
83	14	0.046287027404957826
83	15	0.10949624719633277
83	16	0.10832401166454986
83	17	0.11526297701371391
83	18	0.014642031046875559
83	19	0.11350091433602216
83	20	0.032799862430799465
83	21	0.10924184144831628
83	22	0.12767451781156325
83	23	0.14385882257235494
83	24	0.14585655433447187
83	25	0.12465505889143458
83	26	0.18045538221671364
83	27	0.22247563427997363
83	28	0.18252099290469914
83	29	0.24871738267489718
83	30	0.26021219456022493
83	31	0.36952441251263224
83	32	0.3668040832978505
83	33	0.4118483980812755
83	34	0.413815770568533
83	35	0.35612443129085136
83	36	1.0437062800293084
84	1	0.544751532038859
84	2	0.40959557749431497
84	3	0.37262047874768456
84	4	0.3511750811380594
84	5	0.3084311609320878
84	6	0.31188177498376746
84	7	0.18320898786484463
84	8	0.25537928584252967
84	9	0.35622811702627644
84	10	0.3126732676948265
84	11	0.15124514726878147
84	12	0.16180609806827562
84	13	0.19394298164043988
84	14	0.2592570075331082
84	15	0.17321714796799625
84	16	0.22237542133085952
84	17	0.2667832065604472
84	18	0.20009020317630188
84	19	0.19378074501786102
84	20	0.1792873219956448
84	21	0.11707627919589214
84	22	0.13109676759090405
84	23	0.1127885552572252
84	24	0.2198106446893604
84	25	0.19607359790653334
84	26	0.33477964114150893
84	27	0.2112473855378596
84	28	0.2578471303305534
84	29	0.26600520559991025
84	30	0.17061224821605947
84	31	0.31009781796314684
84	32	0.21810110815846429
84	33	0.28711832416081506
84	34	0.28051272056355714
84	35	0.34333130361268616
84	36	0.9019157691668092
85	1	0.5222207638334098
85	2	0.29183570952814364
85	3	0.4234100707996902
85	4	0.24528188336638124
85	5	0.2748034456095638
85	6	0.26111499730711074
85	7	0.2270813561617544
85	8	0.244087817470394
85	9	0.2550337570194259
85	10	0.26333059128403846
85	11	0.009705311721987187
85	12	0.033421745235223455
85	13	-0.034134200839119444
85	14	-0.020433256120199417
85	15	0.09462599305638975
85	16	-0.004458851951405052
85	17	0.02205492477246196
85	18	0.035965683613596866
85	19	-0.04466911552490416
85	20	0.03579338777392849
85	21	0.058420145748272034
85	22	0.007173997995629122
85	23	0.06794547772279458
85	24	0.026134470036083712
85	25	-0.0755105983709754
85	26	-0.004276647463832717
85	27	-0.022536560829891528
85	28	9.874417342956576E-4
85	29	0.028508931032646956
85	30	-0.16751024850530882
85	31	-0.056384819398608954
85	32	-0.06552361184125033
85	33	-0.04793548930945235
85	34	-0.1802707161000967
85	35	-0.1391767101238628
85	36	0.7261200991056107
86	1	0.5663551348469298
86	2	0.3274754749623128
86	3	0.4108975860039479
86	4	0.41279520872262765
86	5	0.39706989340086807
86	6	0.2140272922350661
86	7	0.31190132787936165
86	8	0.30682082578699976
86	9	0.318066400433878
86	10	0.33996251478314576
86	11	0.22147118100988195
86	12	0.15445899689903797
86	13	0.14970824845530473
86	14	0.14881953503512335
86	15	0.0860448591897125
86	16	0.1128972391455747
86	17	0.045942665444712816
86	18	0.09910858878848927
86	19	0.14724320906989874
86	20	0.16376378026624394
86	21	0.24798631763795242
86	22	0.21475931488694044
86	23	0.23080160343109668
86	24	0.22659282273527026
86	25	0.232351609039803
86	26	0.19854565804529756
86	27	0.20210718984997555
86	28	0.09940619908919501
86	29	0.15792706538388046
86	30	0.19688113624395243
86	31	0.20492170829538736
86	32	0.1630628620568686
86	33	0.2557501212835902
86	34	0.17194885808184068
86	35	0.18487370372857015
86	36	0.9969432550641955
87	1	0.5775294915554241
87	2	0.3996999634758751
87	3	0.44072951584355735
87	4	0.4257396830333562
87	5	0.3901819192292777
87	6	0.3649356151539891
87	7	0.34014142354899235
87	8	0.3443631275832004
87	9	0.3520986380679929
87	10	0.227635275169213
87	11	0.14347250354880003
87	12	0.15272752815274515
87	13	0.18883191182825243
87	14	0.19275091660954757
87	15	0.13346775347536521
87	16	0.13720707031739465
87	17	0.1177524891361088
87	18	0.11082253339544934
87	19	0.08563778047652448
87	20	-0.017174953068618493
87	21	0.18070244952081538
87	22	0.08533461931524755
87	23	0.00896046169900444
87	24	0.185266224443005
87	25	0.15801355173576326
87	26	0.14144264662618156
87	27	0.1867051469961254
87	28	0.18358674859115354
87	29	0.1825769566185187
87	30	0.24185134919665785
87	31	0.2929735765561432
87	32	0.2811888762776533
87	33	0.24524870349394945
87	34	0.2477650471151449
87	35	0.39283152810218525
87	36	1.1609037703955742
88	1	0.6691505678226832
88	2	0.3855842437639012
88	3	0.444388138475837
88	4	0.39794231406904146
88	5	0.48398140011623525
88	6	0.37730272291005207
88	7	0.3454350197490257
88	8	0.3449172279612256
88	9	0.335923235152471
88	10	0.4040360243169516
88	11	0.19645320626080576
88	12	0.19502441060586762
88	13	0.1618778725673522
88	14	0.09646412391666814
88	15	0.17440872563013698
88	16	0.1709873142081264
88	17	0.16117518679871523
88	18	0.15816067242139553
88	19	0.1920233419392403
88	20	0.16049237593504984
88	21	0.18552478360096814
88	22	0.2289032854371058
88	23	0.17388348200806547
88	24	0.25318826146294526
88	25	0.25903188858309534
88	26	0.2923062631472533
88	27	0.23293604147920632
88	28	0.2970867374688808
88	29	0.23611578586934456
88	30	0.26701716914493545
88	31	0.25612529749327706
88	32	0.2796959758586013
88	33	0.34281405387109487
88	34	0.3837719290317736
88	35	0.4012220975049985
88	36	1.201921541567316
89	1	0.5045560107355058
89	2	0.48087918038116584
89	3	0.3565949635284511
89	4	0.44682316741648975
89	5	0.4242644145369354
89	6	0.31322449515631234
89	7	0.23539184110209277
89	8	0.1353144909387609
89	9	0.2843753277752441
89	10	0.31292274303218903
89	11	0.14390848130582867
89	12	0.1492355122815141
89	13	0.12702612566259575
89	14	0.14991273286490525
89	15	0.17958005371487928
89	16	0.1312223428619248
89	17	0.09473596289661401
89	18	0.19509059734581058
89	19	0.18525101355859164
89	20	0.2185908424113947
89	21	0.11473573398938441
89	22	0.19412977564302736
89	23	0.21166181046571353
89	24	0.18791316101712852
89	25	0.1948312071650733
89	26	0.20927121144693928
89	27	0.17565091549559497
89	28	0.15099753272050975
89	29	0.2826246842791278
89	30	0.19642550487301236
89	31	0.26658921228505505
89	32	0.23313246148725852
89	33	0.2289484952812586
89	34	0.23561842909195718
89	35	0.20955920369607384
89	36	1.312226205572106
90	1	0.5199730672724456
90	2	0.34927845475753827
90	3	0.3382075731368772
90	4	0.3204322380684985
90	5	0.3161196179263044
90	6	0.2562916484592037
90	7	0.2502804742808067
90	8	0.21493925252666202
90	9	0.24911280634776745
90	10	0.21841240523915673
90	11	0.047851162032195305
90	12	0.05752424139824086
90	13	0.05561443309530034
90	14	0.023049373724774114
90	15	0.08469108426907468
90	16	0.08935273348456008
90	17	-0.01119433657725466
90	18	0.020254304649760968
90	19	0.13060022311438502
90	20	0.10947194116922532
90	21	0.13923248608232797
90	22	0.10621587734191706
90	23	0.08478120489962748
90	24	0.16132571921744443
90	25	0.12332130932148289
90	26	0.10000152498288628
90	27	0.08726211634868974
90	28	0.0784147390491583
90	29	0.09070928398499944
90	30	0.03647346369353954
90	31	0.11606340009175398
90	32	0.10935177998084811
90	33	0.17850894069250245
90	34	0.036231556093156314
90	35	0.1537977383255935
90	36	0.9339427930419291
91	1	0.5260408578186571
91	2	0.264931555420425
91	3	0.4304509398372218
91	4	0.42721053682964083
91	5	0.3843702308026238
91	6	0.2846880414962243
91	7	0.25288592302216983
91	8	0.28024906686230366
91	9	0.31609332280157787
91	10	0.3047630889143491
91	11	0.1462978701367703
91	12	0.09677276558197434
91	13	0.12450752680427968
91	14	0.06127723522102002
91	15	0.09672210475539345
91	16	0.06065802777857243
91	17	0.06847706597099545
91	18	0.020136642473737254
91	19	0.02850246020744862
91	20	0.10498037026579254
91	21	0.12713394212025975
91	22	0.07017194677015937
91	23	0.14135126428501366
91	24	0.07654697197948224
91	25	0.1407133914380907
91	26	0.05502257567840729
91	27	0.09776806370557978
91	28	0.13780944651881555
91	29	0.09689372889415182
91	30	0.13363898943183017
91	31	0.02017804890669339
91	32	0.054154110044670745
91	33	0.05573816021686184
91	34	-0.009277250933315884
91	35	0.14944776515861946
91	36	0.6259508353902348
92	1	0.5577471948472166
92	2	0.3351581542518147
92	3	0.40985079881593833
92	4	0.36809562500899773
92	5	0.32102426987188437
92	6	0.2053226167542732
92	7	0.2328681362763234
92	8	0.2583790158216246
92	9	0.20210706981102788
92	10	0.229811866473284
92	11	0.06312066262508154
92	12	0.039428266181879223
92	13	0.032764867044299706
92	14	-0.04041358330798772
92	15	0.05994095152150436
92	16	0.1135794469001965
92	17	0.06097461041476748
92	18	0.048414643255824785
92	19	-0.03240995982660877
92	20	0.06400126789603888
92	21	0.038801708698215975
92	22	0.04238710994533079
92	23	0.19333613374795533
92	24	0.14612681270958916
92	25	0.09440883677900302
92	26	0.16825035173988567
92	27	0.2558337320017543
92	28	0.3240213315135989
92	29	0.2973798623142514
92	30	0.2059014162911481
92	31	0.19143823933674753
92	32	0.1973598399837755
92	33	0.1585765984728411
92	34	0.15801540723580842
92	35	0.09794564214166712
92	36	0.4388595687542889
93	1	0.4988713040335213
93	2	0.2796986418659202
93	3	0.3796507889075258
93	4	0.29761035239592104
93	5	0.3842850971891778
93	6	0.2779468921197221
93	7	0.35105149699267457
93	8	0.30702026212907896
93	9	0.19731822340047245
93	10	0.3093605733655451
93	11	0.15751172571989258
93	12	0.15132738696901527
93	13	0.05546524359671423
93	14	0.07926208138396618
93	15	0.17289007948840407
93	16	0.13508958382765002
93	17	0.19207671767998846
93	18	0.1704811494703975
93	19	0.1855863659684971
93	20	0.1800669245683011
93	21	0.13417035242819253
93	22	0.15885399709782888
93	23	0.16944196322901917
93	24	0.09447719904464691
93	25	0.16810575774587022
93	26	0.09371269228802248
93	27	0.20113252471769272
93	28	0.2022096989301474
93	29	0.22301797872319895
93	30	0.27844924597191323
93	31	0.3436478859947343
93	32	0.2839690003203401
93	33	0.2994230424962794
93	34	0.3991664091172069
93	35	0.30882855480318483
93	36	-0.5644449025964597
94	1	0.6301600619947507
94	2	0.3923269511057299
94	3	0.49307229783916995
94	4	0.4640836888012103
94	5	0.41536024708107533
94	6	0.3157702268166602
94	7	0.32301560545132446
94	8	0.33830491230010296
94	9	0.3146266133817406
94	10	0.3180504709808858
94	11	0.21701031139193816
94	12	0.21134008686223638
94	13	0.14349292372800448
94	14	0.17647274289576131
94	15	0.07363603810350838
94	16	0.22304288287022445
94	17	0.18802260578050323
94	18	0.1378199874411905
94	19	0.2851418041718574
94	20	0.28070471633944294
94	21	0.22016090820445555
94	22	0.29460809280148226
94	23	0.1606155165905676
94	24	0.22793435787590965
94	25	0.1345823470205545
94	26	0.29894069087880126
94	27	0.3227231742790764
94	28	0.3062612162790401
94	29	0.28612689196962293
94	30	0.4119669641757753
94	31	0.30666433970519336
94	32	0.3270900141217723
94	33	0.43672791091875496
94	34	0.3778352414243713
94	35	0.36713421317843853
94	36	-0.6960716670509726
95	1	-0.6233933948095114
95	2	0.17351393233622048
95	3	0.1809964628120042
95	4	0.19611304853903277
95	5	0.13841223058029328
95	6	0.12381474935279613
95	7	0.15550879962790276
95	8	-0.0011136155088564692
95	9	0.1406485534869404
95	10	0.2830263489532143
95	11	0.09457544797726314
95	12	0.10552303178057798
95	13	0.06401026111596764
95	14	0.13341136449376023
95	15	0.09672284140561516
95	16	0.216449303964815
95	17	0.1968083657032622
95	18	0.2808479385361409
95	19	0.2300265225521656
95	20	0.20517966763541295
95	21	0.15315463797345785
95	22	0.34523339009563614
95	23	0.34682524512943047
95	24	0.35882470786492604
95	25	0.2216243732856924
95	26	0.2926376103076649
95	27	0.2505805942598158
95	28	0.2994532078280727
95	29	0.31448821767899204
95	30	0.20702261142043454
95	31	0.29567947332035516
95	32	0.4017064222557849
95	33	0.48949817028888276
95	34	0.4950445419929679
95	35	0.5469696068377559
95	36	0.2808170128318608
96	1	0.6840710765097171
96	2	0.428099538932166
96	3	0.4733026669532876
96	4	0.5125867487208922
96	5	0.48010119661805106
96	6	0.42121797786317217
96	7	0.4115133606539061
96	8	0.3543477321300301
96	9	0.350868845101175
96	10	0.4561265875441123
96	11	0.2318274581037585
96	12	0.15882560223845843
96	13	0.2788708025114559
96	14	0.2507647669073947
96	15	0.22436083401658635
96	16	0.21283012134198742
96	17	0.19344259306276257
96	18	0.24298533944453027
96	19	0.26028788320638085
96	20	0.29751179634293123
96	21	0.30694496517472913
96	22	0.38602868363741294
96	23	0.3901809874739044
96	24	0.2993886609050378
96	25	0.3164417943112596
96	26	0.18668712658284647
96	27	0.26786039637013914
96	28	0.3444551424444029
96	29	0.12286340875329671
96	30	0.17468304133674906
96	31	0.22586864838155662
96	32	0.33094172889777695
96	33	0.1840839678707198
96	34	0.23242055147718332
96	35	0.2801766419091294
96	36	-0.2755084398577523
>>END_MODULE
>>Per sequence quality scores	pass
#Quality	Count
4	8196.0
5	197.0
6	240.0
7	319.0
8	396.0
9	663.0
10	1045.0
11	1353.0
12	1784.0
13	2188.0
14	3048.0
15	3946.0
16	5599.0
17	6997.0
18	8182.0
19	10438.0
20	12957.0
21	16747.0
22	19505.0
23	22339.0
24	28099.0
25	35993.0
26	44200.0
27	51691.0
28	62765.0
29	79856.0
30	101774.0
31	113900.0
32	132756.0
33	174155.0
34	250364.0
35	392295.0
36	889926.0
37	1119631.0
>>END_MODULE
>>Per base sequence content	fail
#Base	G	A	T	C
1	45.374732894777225	18.383765971759	21.69808106595996	14.543420067503815
2	19.630535939064433	48.84846695364342	15.626866218367253	15.894130888924904
3	18.583538871732937	18.88687913898096	47.818619669969344	14.710962319316762
4	18.509639399435667	18.88474235363853	16.243120661215737	46.36249758571007
5	48.35137298170912	18.442566540050574	17.37844743952065	15.82761303871966
6	47.85076798029051	18.298907491876744	17.072392364958596	16.777932162874148
7	16.16949869350839	50.199664552451694	17.977052590449848	15.653784163590064
8	16.059064224435176	50.231064773895625	17.460771159430948	16.249099842238245
9	47.813513585514706	17.97486030418943	17.93320686524155	16.278419245054312
10	16.173161754095414	49.35349755684959	18.190065113676983	16.283275575378017
11	47.883583494471	17.80533275020369	17.67709787919892	16.633985876126392
12	16.380624185524027	17.922994696332278	17.185776002735086	48.51060511540861
13	16.180265871597516	49.07047062558414	17.502824996725447	17.24643850609289
14	16.46895389649745	17.366292738481896	17.54902951094811	48.61572385407255
15	16.799850369525114	49.08273632845887	17.545643954951014	16.571769347065
16	16.716321487957412	17.83147368257471	17.34570189790939	48.10650293155849
17	48.04237162082661	17.76542759017234	17.136602189400215	17.055598599600838
18	16.601656591400022	17.453262676964677	49.04449619596708	16.90058453566822
19	16.47131268551182	17.858114123207596	17.59398525451611	48.076587936764476
20	16.92542119646659	17.75438290749329	48.57454217292754	16.74565372311258
21	48.090102410293866	18.24798032159452	17.053101058291503	16.60881620982011
22	16.570966632782444	48.82191967857443	17.951533628772673	16.655580059870452
23	16.614782558503517	48.842556105877996	17.450515381524408	17.092145954094082
24	16.796238750846108	17.809484770920644	17.370883289100377	48.023393189132875
25	17.025156346085964	17.780801344454236	48.58042527023397	16.61361703922583
26	17.259611528867264	17.220094513378758	17.406246297014217	48.114047660739764
27	16.680805552988634	17.435480751272987	17.3552262679695	48.52848742776889
28	16.66427547623772	49.217525714547364	17.184019447732137	16.93417936148278
29	48.59944160262987	17.60347570588482	17.11650835417634	16.680574337308975
30	17.55948300885869	17.40521486812974	48.311792035778886	16.723510087232683
31	16.92638918220779	17.48519521995495	17.734043737062557	47.854371860774705
32	16.833998005843718	48.9492938727564	17.332176319380252	16.88453180201963
33	16.706040762387577	18.25110747449194	17.150529115138774	47.892322647981715
34	16.7164124428548	48.829121801804504	17.568598523417702	16.885867231922997
35	16.842556628241475	17.48439193417899	17.790683313419954	47.88236812415958
36	17.31561917992902	48.30812591875774	17.294611073908293	17.08164382740495
>>END_MODULE
>>Per sequence GC content	fail
#GC Content	Count
0	17.0
1	18.5
2	20.0
3	20.0
4	52.0
5	84.0
6	84.0
7	320.5
8	557.0
9	557.0
10	810.5
11	1064.0
12	1064.0
13	1646.5
14	2229.0
15	3541.0
16	4853.0
17	4853.0
18	7098.0
19	9343.0
20	9343.0
21	12729.0
22	16115.0
23	16115.0
24	21705.0
25	27295.0
26	33496.0
27	39697.0
28	39697.0
29	49412.5
30	59128.0
31	59128.0
32	88408.5
33	117689.0
34	117689.0
35	113972.5
36	110256.0
37	110256.0
38	124483.5
39	138711.0
40	157728.5
41	176746.0
42	176746.0
43	195616.0
44	214486.0
45	214486.0
46	232478.0
47	250470.0
48	250470.0
49	275570.0
50	300670.0
51	820635.5
52	1340601.0
53	1340601.0
54	801845.5
55	263090.0
56	263090.0
57	228683.0
58	194276.0
59	194276.0
60	166964.5
61	139653.0
62	139653.0
63	115401.5
64	91150.0
65	72223.0
66	53296.0
67	53296.0
68	40814.0
69	28332.0
70	28332.0
71	21139.0
72	13946.0
73	13946.0
74	9957.0
75	5968.0
76	4127.0
77	2286.0
78	2286.0
79	1602.5
80	919.0
81	919.0
82	609.0
83	299.0
84	299.0
85	236.5
86	174.0
87	174.0
88	118.0
89	62.0
90	48.0
91	34.0
92	34.0
93	23.0
94	12.0
95	12.0
96	9.0
97	6.0
98	6.0
99	8.0
100	10.0
>>END_MODULE
>>Per base N content	pass
#Base	N-Count
1	1.4441616364334666
2	0.0
3	0.0
4	0.0
5	0.0
6	2.7750458992591734E-5
7	0.0
8	2.4975413093332563E-4
9	0.0
10	0.0
11	0.0
12	0.0
13	0.0
14	0.0
15	0.0
16	0.0
17	0.0
18	0.0
19	0.0
20	0.0
21	0.0
22	0.0026917945222813986
23	0.0
24	0.007575875304977544
25	0.0
26	9.157651467555274E-4
27	1.9425321294814216E-4
28	0.0010822679007110778
29	4.7175780287405956E-4
30	0.0021645358014221556
31	0.004079317471910985
32	4.1625688488887603E-4
33	0.0020812844244443803
34	0.006188352355347957
35	0.012182451497747772
36	0.004800829405718371
>>END_MODULE
>>Sequence Length Distribution	pass
#Length	Count
36	3603544.0
>>END_MODULE
>>Sequence Duplication Levels	fail
#Total Deduplicated Percentage	35.85241136690406
#Duplication Level	Percentage of deduplicated	Percentage of total
1	63.02989091431675	22.597735774711733
2	18.269824182855796	13.100345044095157
3	8.099784932562311	8.711904641570257
4	4.01953875379811	5.76440627625531
5	2.327850951836408	4.172953496303903
6	1.4261014794950708	3.067750613628467
7	0.8828651735628085	2.215699176886087
8	0.5762584103499692	1.652820286520424
9	0.38590473209780274	1.2452053683244795
>10	0.9599901243603157	4.736516179279489
>50	0.008302333387937606	0.19949898175091985
>100	0.009824604258152986	0.8941531739812902
>500	0.0024725805558361244	0.6182642222112202
>1k	0.0010817539931565147	0.6341654527576842
>5k	0.0	0.0
>10k+	3.0907256947328995E-4	30.388581311723517
>>END_MODULE
>>Overrepresented sequences	fail
#Sequence	Count	Percentage	Possible Source
GATCGGAAGAGCACACGTCTGAACTCCAGTCACACA	1060621	29.432719567181643	TruSeq Adapter, Index 5 (100% over 36bp)
GCTAACAAATACCCGACTAAATCAGTCAAGTAAATA	13630	0.37823875606902535	No Hit
NATCGGAAGAGCACACGTCTGAACTCCAGTCACACA	11728	0.3254573830651159	TruSeq Adapter, Index 5 (97% over 36bp)
GTTAGCTATTTACTTGACTGATTTAGTCGGGTATTT	10983	0.304783291115635	No Hit
GATCGGAAGAGCACACGTCTGAACTCCAGTCACACC	3658	0.10151117899490057	TruSeq Adapter, Index 1 (97% over 36bp)
>>END_MODULE
>>Adapter Content	pass
#Position	Illumina Universal Adapter	Illumina Small RNA Adapter	Nextera Transposase Sequence	SOLID Small RNA Adapter
1	5.5500917985183474E-5	0.0	0.0	0.0
2	5.5500917985183474E-5	0.0	0.0	0.0
3	5.5500917985183474E-5	0.0	0.0	0.0
4	5.5500917985183474E-5	0.0	0.0	0.0
5	5.5500917985183474E-5	0.0	8.325137697777522E-5	0.0
6	5.5500917985183474E-5	0.0	8.325137697777522E-5	0.0
7	5.5500917985183474E-5	0.0	8.325137697777522E-5	0.0
8	5.5500917985183474E-5	0.0	8.325137697777522E-5	0.0
9	5.5500917985183474E-5	0.0	1.1100183597036695E-4	0.0
10	0.0016372770805629126	0.0	1.1100183597036695E-4	0.0
11	0.0016372770805629126	0.0	1.1100183597036695E-4	0.0
12	0.0016372770805629126	0.0	1.1100183597036695E-4	0.0
13	0.049062811498902195	0.0	1.1100183597036695E-4	0.0
14	0.049062811498902195	0.0	1.1100183597036695E-4	0.0
15	0.05089434179241325	0.0	1.1100183597036695E-4	0.0
16	0.050922092251405836	0.0	1.1100183597036695E-4	0.0
17	0.051199596841331754	0.0	1.1100183597036695E-4	0.0
18	0.0513938500542799	0.0	1.1100183597036695E-4	0.0
19	0.05144935097226508	0.0	1.1100183597036695E-4	0.0
20	0.052337365660028015	0.0	1.1100183597036695E-4	0.0
21	0.052337365660028015	0.0	1.1100183597036695E-4	0.0
22	0.052337365660028015	0.0	1.1100183597036695E-4	0.0
23	0.052670371167939115	0.0	1.1100183597036695E-4	0.0
24	0.05297562621685763	0.0	1.1100183597036695E-4	0.0
>>END_MODULE
>>Kmer Content	fail
#Sequence	Count	PValue	Obs/Exp Max	Max Obs/Exp Position
GATCGGA	112465	0.0	30.239094	1
GAACTCC	112680	0.0	29.880493	21
TCACACA	111055	0.0	29.841745	30
TGAACTC	112975	0.0	29.836975	20
AACTCCA	112660	0.0	29.83123	22
AGTCACA	111925	0.0	29.830208	28
CTCCAGT	112320	0.0	29.824593	24
GTCACAC	111860	0.0	29.813322	29
ACTCCAG	112695	0.0	29.809166	23
ACACGTC	113680	0.0	29.80113	13
TCTGAAC	113355	0.0	29.799116	18
CACACGT	113715	0.0	29.791958	12
TCCAGTC	112435	0.0	29.791927	25
CACGTCT	113730	0.0	29.777485	14
TCGGAAG	113860	0.0	29.775087	3
CAGTCAC	112665	0.0	29.7697	27
CTGAACT	113405	0.0	29.76086	19
ATCGGAA	113855	0.0	29.743475	2
CCAGTCA	112735	0.0	29.739246	26
GTCTGAA	113670	0.0	29.735994	17
>>END_MODULE
